1752100255197 0.0009000000000000001 0
1752100318843 0.0009000000000000001 1
1752100381871 0.0009000000000000001 2
1752100445668 0.0009000000000000001 3
1752100509046 0.0009000000000000001 4
1752100572667 0.0009000000000000001 5
1752100636361 0.0009000000000000001 6
1752100700321 0.0009000000000000001 7
1752100763813 0.0009000000000000001 8
1752100826747 0.0009000000000000001 9
1752100889899 0.0009000000000000001 10
1752100953417 0.0003600000000000001 11
1752101016827 0.0003600000000000001 12
1752101079979 0.0003600000000000001 13
1752101143703 0.0003600000000000001 14
1752101207464 0.0003600000000000001 15
1752101270868 0.0003600000000000001 16
1752101334682 0.0003600000000000001 17
1752101398313 0.00014400000000000003 18
1752101461703 0.00014400000000000003 19
