1752100255197 0.012877971600355061 0
1752100318843 0.001002676625473755 1
1752100381871 0.000903832450062567 2
1752100445668 0.0009196044453876564 3
1752100509046 0.0008505909105753997 4
1752100572667 0.0007933497510311088 5
1752100636361 0.001334828430900197 6
1752100700321 0.0008381243011931877 7
1752100763813 0.0008463391104324049 8
1752100826747 0.0007962530821081416 9
1752100889899 0.0008003427136816155 10
1752100953417 0.0007602396996579828 11
1752101016827 0.0006571350520833313 12
1752101079979 0.0006637319256006328 13
1752101143703 0.000639473347809708 14
1752101207464 0.0006608016979792214 15
1752101270868 0.0006383828372293729 16
1752101334682 0.0006625259112193885 17
1752101398313 0.0006139870502586666 18
1752101461703 0.0005486115707892075 19
