1752100255197 0.000882808440056739 0
1752100318843 0.000717216993079466 1
1752100381871 0.0011122091450755868 2
1752100445668 0.0006200096831889823 3
1752100509046 0.0008127499390598934 4
1752100572667 0.0007054923403569881 5
1752100636361 0.0010211364210323047 6
1752100700321 0.0005284534666262677 7
1752100763813 0.001095421430791783 8
1752100826747 0.0020923126276637264 9
1752100889899 0.000623454838847358 10
1752100953417 0.0005418432830243974 11
1752101016827 0.0005040765673209749 12
1752101079979 0.000572957648888833 13
1752101143703 0.0004985623672837391 14
1752101207464 0.0006318639541003743 15
1752101270868 0.0006204383218359641 16
1752101334682 0.0006246343083844028 17
1752101398313 0.0006171810810508974 18
1752101461703 0.00046836222420953326 19
