1752100255197 0.02282187156379223 0
1752100318843 0.019594507291913033 1
1752100381871 0.0209292471408844 2
1752100445668 0.018957944586873055 3
1752100509046 0.023013902828097343 4
1752100572667 0.020678995177149773 5
1752100636361 0.025731952860951424 6
1752100700321 0.01724448800086975 7
1752100763813 0.027235694229602814 8
1752100826747 0.03873632848262787 9
1752100889899 0.019108133390545845 10
1752100953417 0.017641622573137283 11
1752101016827 0.01708846166729927 12
1752101079979 0.01825553923845291 13
1752101143703 0.016840863972902298 14
1752101207464 0.01974320039153099 15
1752101270868 0.018865330144762993 16
1752101334682 0.019191337749361992 17
1752101398313 0.01982261799275875 18
1752101461703 0.01631224900484085 19
