1752100255197 0.0008827164419926703 0
1752100318843 0.0007170465542003512 1
1752100381871 0.0011117117246612906 2
1752100445668 0.0006200004718266428 3
1752100509046 0.0008127654436975718 4
1752100572667 0.0007054671295918524 5
1752100636361 0.0010210364125669003 6
1752100700321 0.0005284239887259901 7
1752100763813 0.0010953155579045415 8
1752100826747 0.002092120936140418 9
1752100889899 0.000623428903054446 10
1752100953417 0.0005418378277681768 11
1752101016827 0.000504086900036782 12
1752101079979 0.0005729358526878059 13
1752101143703 0.0004985559498891234 14
1752101207464 0.0006318680243566632 15
1752101270868 0.0006204304518178105 16
1752101334682 0.0006245747208595276 17
1752101398313 0.0006172388093546033 18
1752101461703 0.00046835298417136073 19
