1752100255197 30.541786193847656 0
1752100318843 31.44452476501465 1
1752100381871 29.540075302124023 2
1752100445668 32.076080322265625 3
1752100509046 30.900346755981445 4
1752100572667 31.515230178833008 5
1752100636361 29.90958595275879 6
1752100700321 32.770172119140625 7
1752100763813 29.60460662841797 8
1752100826747 26.794132232666016 9
1752100889899 32.052127838134766 10
1752100953417 32.66130447387695 11
1752101016827 32.974945068359375 12
1752101079979 32.41893768310547 13
1752101143703 33.022857666015625 14
1752101207464 31.99373435974121 15
1752101270868 32.07306671142578 16
1752101334682 32.04415512084961 17
1752101398313 32.09546661376953 18
1752101461703 33.29426574707031 19
