1752100255197 0.8413693904876709 0
1752100318843 0.8529706001281738 1
1752100381871 0.847692608833313 2
1752100445668 0.875109076499939 3
1752100509046 0.860625147819519 4
1752100572667 0.837956964969635 5
1752100636361 0.8467501401901245 6
1752100700321 0.8746387958526611 7
1752100763813 0.8095716834068298 8
1752100826747 0.7789519429206848 9
1752100889899 0.8608475923538208 10
1752100953417 0.8777241110801697 11
1752101016827 0.8800033926963806 12
1752101079979 0.8526926636695862 13
1752101143703 0.8839085698127747 14
1752101207464 0.8642418384552002 15
1752101270868 0.8686198592185974 16
1752101334682 0.8661366105079651 17
1752101398313 0.8864580392837524 18
1752101461703 0.8863418698310852 19
