1752100255197 3.0000000000000004e-05 0
1752100318843 3.0000000000000004e-05 1
1752100381871 3.0000000000000004e-05 2
1752100445668 3.0000000000000004e-05 3
1752100509046 3.0000000000000004e-05 4
1752100572667 3.0000000000000004e-05 5
1752100636361 3.0000000000000004e-05 6
1752100700321 3.0000000000000004e-05 7
1752100763813 3.0000000000000004e-05 8
1752100826747 3.0000000000000004e-05 9
1752100889899 3.0000000000000004e-05 10
1752100953417 3.0000000000000004e-05 11
1752101016827 3.0000000000000004e-05 12
1752101079979 3.0000000000000004e-05 13
1752101143703 3.0000000000000004e-05 14
1752101207464 3.0000000000000004e-05 15
1752101270868 3.0000000000000004e-05 16
1752101334682 3.0000000000000004e-05 17
1752101398313 3.0000000000000004e-05 18
1752101461703 3.0000000000000004e-05 19
