1752098084211 0.0005 0
1752098148136 0.0005 1
1752098211370 0.0005 2
1752098274547 0.0005 3
1752098337815 0.0005 4
1752098401280 0.0005 5
1752098464554 0.0005 6
1752098527688 0.0005 7
1752098591039 0.0005 8
1752098653880 0.0005 9
1752098717050 0.0005 10
1752098779980 0.00015000000000000001 11
1752098843039 0.00015000000000000001 12
1752098906315 0.00015000000000000001 13
1752098969337 0.00015000000000000001 14
1752099033047 0.00015000000000000001 15
1752099096302 0.00015000000000000001 16
1752099159724 4.500000000000001e-05 17
1752099223076 4.500000000000001e-05 18
1752099286344 4.500000000000001e-05 19
