1752098084211 0.008787862209402779 0
1752098148136 0.0007316753248163923 1
1752098211370 0.0006192660823470288 2
1752098274547 0.0006000902829765448 3
1752098337815 0.0004976594214964234 4
1752098401280 0.0004742306004509719 5
1752098464554 0.000507406273409518 6
1752098527688 0.00046793408159540874 7
1752098591039 0.000473216102905041 8
1752098653880 0.0005113754388868891 9
1752098717050 0.0005491712110159813 10
1752098779980 0.00044956785730599085 11
1752098843039 0.00033532380238963775 12
1752098906315 0.0003320808486760258 13
1752098969337 0.000330744254341293 14
1752099033047 0.00033620459878046504 15
1752099096302 0.0003354974346908835 16
1752099159724 0.00033848596497511053 17
1752099223076 0.0002946024684620803 18
1752099286344 0.00027725925827303113 19
