1752098084211 0.0011684733840143856 0
1752098148136 0.0004846792075755622 1
1752098211370 0.000523539371737142 2
1752098274547 0.000755792303072453 3
1752098337815 0.0003103058822007905 4
1752098401280 0.0003644108266384779 5
1752098464554 0.0005020523710888537 6
1752098527688 0.0002734661102294922 7
1752098591039 0.000575510724207989 8
1752098653880 385.4358928904814 9
1752098717050 0.0003409337595632464 10
1752098779980 0.0006249959303257877 11
1752098843039 0.00028502610460718106 12
1752098906315 0.0002488753238781903 13
1752098969337 0.00027200857584830374 14
1752099033047 0.00045361642653862127 15
1752099096302 0.000488348283825497 16
1752099159724 0.0003067972917479518 17
1752099223076 0.00023411764756447692 18
1752099286344 0.00024532973304089596 19
