1752098084211 0.02696891315281391 0
1752098148136 0.01703806035220623 1
1752098211370 0.017818504944443703 2
1752098274547 0.02294781804084778 3
1752098337815 0.013111382722854614 4
1752098401280 0.015200796537101269 5
1752098464554 0.016228193417191505 6
1752098527688 0.012523159384727478 7
1752098591039 0.018517401069402695 8
1752098653880 8.770851135253906 9
1752098717050 0.014051255770027637 10
1752098779980 0.020854735746979713 11
1752098843039 0.012951459735631943 12
1752098906315 0.011990860104560852 13
1752098969337 0.012566340155899525 14
1752099033047 0.017550479620695114 15
1752099096302 0.016330109909176826 16
1752099159724 0.013787705451250076 17
1752099223076 0.011551882140338421 18
1752099286344 0.011972182430326939 19
