1752098084211 0.0011683206539601088 0
1752098148136 0.0004845828516408801 1
1752098211370 0.0005234231939539313 2
1752098274547 0.0007558187935501337 3
1752098337815 0.0003102510527241975 4
1752098401280 0.0003644265525508672 5
1752098464554 0.000501824077218771 6
1752098527688 0.0002734592999331653 7
1752098591039 0.000575400423258543 8
1752098653880 385.2218933105469 9
1752098717050 0.00034087442327290773 10
1752098779980 0.0006250454462133348 11
1752098843039 0.0002849996672011912 12
1752098906315 0.00024887462495826185 13
1752098969337 0.0002719962503761053 14
1752099033047 0.00045361273805610836 15
1752099096302 0.00048814501496963203 16
1752099159724 0.00030679951305501163 17
1752099223076 0.00023412308655679226 18
1752099286344 0.0002453391789458692 19
