1752098084211 29.324377059936523 0
1752098148136 33.14631652832031 1
1752098211370 32.81147003173828 2
1752098274547 31.215822219848633 3
1752098337815 35.08286666870117 4
1752098401280 34.3838996887207 5
1752098464554 32.994483947753906 6
1752098527688 35.631072998046875 7
1752098591039 32.40029525756836 8
1752098653880 -25.85710906982422 9
1752098717050 34.67405319213867 10
1752098779980 32.0408821105957 11
1752098843039 35.45155715942383 12
1752098906315 36.040191650390625 13
1752098969337 35.65436935424805 14
1752099033047 33.43314743041992 15
1752099096302 33.11450958251953 16
1752099159724 35.13145446777344 17
1752099223076 36.30555725097656 18
1752099286344 36.10232925415039 19
