1752098084211 0.8335776329040527 0
1752098148136 0.8857753276824951 1
1752098211370 0.8822041749954224 2
1752098274547 0.8904292583465576 3
1752098337815 0.9039666652679443 4
1752098401280 0.9102538228034973 5
1752098464554 0.880911111831665 6
1752098527688 0.9165024757385254 7
1752098591039 0.8796944618225098 8
1752098653880 0.21364590525627136 9
1752098717050 0.9036056399345398 10
1752098779980 0.9033893942832947 11
1752098843039 0.911843478679657 12
1752098906315 0.9152651429176331 13
1752098969337 0.9109230041503906 14
1752099033047 0.9051198363304138 15
1752099096302 0.8938024044036865 16
1752099159724 0.9076294898986816 17
1752099223076 0.927628755569458 18
1752099286344 0.9230534434318542 19
