1752098084211 6.000000000000001e-05 0
1752098148136 6.000000000000001e-05 1
1752098211370 6.000000000000001e-05 2
1752098274547 6.000000000000001e-05 3
1752098337815 6.000000000000001e-05 4
1752098401280 6.000000000000001e-05 5
1752098464554 6.000000000000001e-05 6
1752098527688 6.000000000000001e-05 7
1752098591039 6.000000000000001e-05 8
1752098653880 6.000000000000001e-05 9
1752098717050 6.000000000000001e-05 10
1752098779980 6.000000000000001e-05 11
1752098843039 6.000000000000001e-05 12
1752098906315 6.000000000000001e-05 13
1752098969337 6.000000000000001e-05 14
1752099033047 6.000000000000001e-05 15
1752099096302 6.000000000000001e-05 16
1752099159724 6.000000000000001e-05 17
1752099223076 6.000000000000001e-05 18
1752099286344 6.000000000000001e-05 19
