1752103125958 0.0009000000000000001 0
1752103199690 0.0009000000000000001 1
1752103273153 0.0009000000000000001 2
1752103346668 0.0009000000000000001 3
1752103420127 0.0009000000000000001 4
1752103493694 0.0009000000000000001 5
1752103567173 0.0009000000000000001 6
1752103640613 0.0009000000000000001 7
1752103714062 0.0009000000000000001 8
1752103787358 0.0009000000000000001 9
1752103860604 0.0009000000000000001 10
1752103935121 0.0009000000000000001 11
1752104008531 0.0009000000000000001 12
1752104081672 0.0009000000000000001 13
1752104157157 0.00027000000000000006 14
1752104230179 0.00027000000000000006 15
1752104307404 0.00027000000000000006 16
1752104380414 0.00027000000000000006 17
1752104453698 0.00027000000000000006 18
1752104526789 0.00027000000000000006 19
