1752103125958 0.007106009330781018 0
1752103199690 0.0007542976549578996 1
1752103273153 0.0006631678754067391 2
1752103346668 0.0005990167843219176 3
1752103420127 0.0005253822055698337 4
1752103493694 0.000581558070792463 5
1752103567173 0.0005221697439209711 6
1752103640613 0.0004732828665395043 7
1752103714062 0.0004833531667275024 8
1752103787358 0.0004701368761052896 9
1752103860604 0.0004912464961607033 10
1752103935121 0.0004711175369484869 11
1752104008531 0.0004349559449916411 12
1752104081672 0.00048418099285748824 13
1752104157157 0.0004955539819703413 14
1752104230179 0.00035444489061129514 15
1752104307404 0.00033774770546890205 16
1752104380414 0.0003449563077474868 17
1752104453698 0.00036308725869770844 18
1752104526789 0.0003405571830476622 19
