1752103125958 0.0004868599764235756 0
1752103199690 0.0006962194020161405 1
1752103273153 0.0011563086000558756 2
1752103346668 0.0004303963711101781 3
1752103420127 0.0003829373441369492 4
1752103493694 0.00041472008588778624 5
1752103567173 0.0002794577568933806 6
1752103640613 0.0003348523417063167 7
1752103714062 0.0003363342287176398 8
1752103787358 0.00040084839223281424 9
1752103860604 0.0004043003350756515 10
1752103935121 0.0003846546165090438 11
1752104008531 0.00030058453686412093 12
1752104081672 0.0006835055049604681 13
1752104157157 0.00033186979014905826 14
1752104230179 0.00032076726861037864 15
1752104307404 0.00024780534059733753 16
1752104380414 0.00043569690922809327 17
1752104453698 0.00034742170357597335 18
1752104526789 0.0003169788414037184 19
