1752103125958 0.016183756291866302 0
1752103199690 0.019188329577445984 1
1752103273153 0.025832146406173706 2
1752103346668 0.016185320913791656 3
1752103420127 0.014859948307275772 4
1752103493694 0.015610507689416409 5
1752103567173 0.01263393834233284 6
1752103640613 0.014134969562292099 7
1752103714062 0.013833385892212391 8
1752103787358 0.01583588682115078 9
1752103860604 0.016084585338830948 10
1752103935121 0.015282394364476204 11
1752104008531 0.013527990318834782 12
1752104081672 0.02022874914109707 13
1752104157157 0.014324887655675411 14
1752104230179 0.014196566306054592 15
1752104307404 0.011867262423038483 16
1752104380414 0.017094586044549942 17
1752104453698 0.014415967278182507 18
1752104526789 0.013879132457077503 19
