1752103125958 0.00048678438179194927 0
1752103199690 0.0006961338804103434 1
1752103273153 0.0011566074099391699 2
1752103346668 0.0004303785681258887 3
1752103420127 0.0003828724438790232 4
1752103493694 0.0004147196304984391 5
1752103567173 0.00027946254704147577 6
1752103640613 0.00033482452272437513 7
1752103714062 0.0003363584983162582 8
1752103787358 0.00040085020009428263 9
1752103860604 0.0004043309309054166 10
1752103935121 0.0003847011539619416 11
1752104008531 0.0003006015904247761 12
1752104081672 0.0006833698134869337 13
1752104157157 0.00033185826032422483 14
1752104230179 0.0003208177804481238 15
1752104307404 0.00024781504180282354 16
1752104380414 0.00043568594264797866 17
1752104453698 0.0003473882388789207 18
1752104526789 0.00031696463702246547 19
