1752103125958 33.12663269042969 0
1752103199690 31.573070526123047 1
1752103273153 29.368139266967773 2
1752103346668 33.66149139404297 3
1752103420127 34.169456481933594 4
1752103493694 33.822452545166016 5
1752103567173 35.53676223754883 6
1752103640613 34.75182342529297 7
1752103714062 34.73197555541992 8
1752103787358 33.970176696777344 9
1752103860604 33.9326286315918 10
1752103935121 34.148765563964844 11
1752104008531 35.22008514404297 12
1752104081672 31.653440475463867 13
1752104157157 34.790470123291016 14
1752104230179 34.937416076660156 15
1752104307404 36.058719635009766 16
1752104380414 33.60826110839844 17
1752104453698 34.59184646606445 18
1752104526789 34.989891052246094 19
