1752103125958 0.8648218512535095 0
1752103199690 0.8865059018135071 1
1752103273153 0.8700429201126099 2
1752103346668 0.9012437462806702 3
1752103420127 0.8630629777908325 4
1752103493694 0.8927026391029358 5
1752103567173 0.9123525619506836 6
1752103640613 0.8984456062316895 7
1752103714062 0.9186477065086365 8
1752103787358 0.8662517666816711 9
1752103860604 0.9073814749717712 10
1752103935121 0.8906859159469604 11
1752104008531 0.920653760433197 12
1752104081672 0.8855958580970764 13
1752104157157 0.8840739727020264 14
1752104230179 0.9278730154037476 15
1752104307404 0.92365962266922 16
1752104380414 0.8755126595497131 17
1752104453698 0.878126859664917 18
1752104526789 0.8975240588188171 19
