1752104994935 0.00030000000000000003 0
1752105067564 0.00030000000000000003 1
1752105140333 0.00030000000000000003 2
1752105213167 0.00030000000000000003 3
1752105285788 0.00030000000000000003 4
1752105358436 0.00030000000000000003 5
1752105431115 0.00030000000000000003 6
1752105503805 0.00030000000000000003 7
1752105576493 0.00030000000000000003 8
1752105649215 0.00030000000000000003 9
1752105722015 0.00030000000000000003 10
1752105794686 0.00030000000000000003 11
1752105867645 0.00030000000000000003 12
1752105940417 0.00030000000000000003 13
1752106013107 0.00030000000000000003 14
1752106085908 0.00030000000000000003 15
1752106158568 0.00030000000000000003 16
1752106231126 0.00030000000000000003 17
1752106303613 0.00030000000000000003 18
1752106376088 0.00030000000000000003 19
