1752104994935 0.0053543104849832395 0
1752105067564 0.000958168244761521 1
1752105140333 0.0008226040300553594 2
1752105213167 0.000813903870971732 3
1752105285788 0.0007091387632948381 4
1752105358436 0.0006542220627712204 5
1752105431115 0.0006133883118907968 6
1752105503805 0.0006095324616247046 7
1752105576493 0.0005762727708810693 8
1752105649215 0.0005378112791156207 9
1752105722015 0.0005366583970925016 10
1752105794686 0.0005224770171894939 11
1752105867645 0.0005226091265676932 12
1752105940417 0.0004821992003103966 13
1752106013107 0.0004870160829122591 14
1752106085908 0.0004598044756618682 15
1752106158568 0.000464345446767144 16
1752106231126 0.0004839875116057199 17
1752106303613 0.0004751298266582344 18
1752106376088 0.0004533167568896013 19
