1752104994935 0.0007632966221803252 0
1752105067564 0.0008138671015759054 1
1752105140333 0.0005547549714238438 2
1752105213167 0.0007952782214167254 3
1752105285788 0.0005163442196242292 4
1752105358436 0.0005844862650573144 5
1752105431115 0.000453419957707143 6
1752105503805 0.0006160972287248381 7
1752105576493 0.0004164439335855765 8
1752105649215 0.00045341663387850583 9
1752105722015 0.0004017479193006533 10
1752105794686 0.00047893152933444497 11
1752105867645 0.00038785434555714294 12
1752105940417 0.0005705362846663989 13
1752106013107 0.00039820568995577665 14
1752106085908 0.00035845019524191125 15
1752106158568 0.0003924989013124586 16
1752106231126 0.0004253565938972101 17
1752106303613 0.0003931439761585994 18
1752106376088 0.00045673095925902836 19
