1752104994935 0.02057863399386406 0
1752105067564 0.022257288917899132 1
1752105140333 0.01759839802980423 2
1752105213167 0.0214912798255682 3
1752105285788 0.017250336706638336 4
1752105358436 0.019289102405309677 5
1752105431115 0.016258487477898598 6
1752105503805 0.018447980284690857 7
1752105576493 0.015490435063838959 8
1752105649215 0.016606541350483894 9
1752105722015 0.014810387045145035 10
1752105794686 0.017097458243370056 11
1752105867645 0.014757096767425537 12
1752105940417 0.017616884782910347 13
1752106013107 0.01488493476063013 14
1752106085908 0.014026296325027943 15
1752106158568 0.01475212350487709 16
1752106231126 0.015723317861557007 17
1752106303613 0.014860576950013638 18
1752106376088 0.016046199947595596 19
