1752104994935 0.0007631652406416833 0
1752105067564 0.0008137825061567128 1
1752105140333 0.0005547103937715292 2
1752105213167 0.0007951473235152662 3
1752105285788 0.0005163286696188152 4
1752105358436 0.0005844938568770885 5
1752105431115 0.000453451881185174 6
1752105503805 0.0006159699987620115 7
1752105576493 0.0004164708370808512 8
1752105649215 0.0004534331674221903 9
1752105722015 0.000401762081310153 10
1752105794686 0.0004789284721482545 11
1752105867645 0.00038787623634561896 12
1752105940417 0.0005704181967303157 13
1752106013107 0.00039821743848733604 14
1752106085908 0.0003584508376661688 15
1752106158568 0.00039249140536412597 16
1752106231126 0.0004253337101545185 17
1752106303613 0.0003931498504243791 18
1752106376088 0.0004566722782328725 19
