1752104994935 31.173812866210938 0
1752105067564 30.894914627075195 1
1752105140333 32.5593376159668 2
1752105213167 30.99552345275879 3
1752105285788 32.87073516845703 4
1752105358436 32.33219909667969 5
1752105431115 33.43468475341797 6
1752105503805 32.10440444946289 7
1752105576493 33.80415344238281 8
1752105649215 33.43486785888672 9
1752105722015 33.96030807495117 10
1752105794686 33.19729232788086 11
1752105867645 34.113067626953125 12
1752105940417 32.43806457519531 13
1752106013107 33.99879455566406 14
1752106085908 34.45570373535156 15
1752106158568 34.06169891357422 16
1752106231126 33.71269989013672 17
1752106303613 34.05441665649414 18
1752106376088 33.403953552246094 19
