1752104994935 0.7991895079612732 0
1752105067564 0.8291803598403931 1
1752105140333 0.8590313196182251 2
1752105213167 0.846608579158783 3
1752105285788 0.8706250190734863 4
1752105358436 0.879203736782074 5
1752105431115 0.8966359496116638 6
1752105503805 0.8296410441398621 7
1752105576493 0.8970683217048645 8
1752105649215 0.8927218914031982 9
1752105722015 0.8977521657943726 10
1752105794686 0.884871780872345 11
1752105867645 0.9079692363739014 12
1752105940417 0.8414452075958252 13
1752106013107 0.8981253504753113 14
1752106085908 0.9086698293685913 15
1752106158568 0.8869482278823853 16
1752106231126 0.8907385468482971 17
1752106303613 0.8978017568588257 18
1752106376088 0.886386513710022 19
