1752101754042 0.0006000000000000001 0
1752101817193 0.0006000000000000001 1
1752101881159 0.0006000000000000001 2
1752101944967 0.0006000000000000001 3
1752102008594 0.0006000000000000001 4
1752102072248 0.0006000000000000001 5
1752102135921 0.0006000000000000001 6
1752102200218 0.0006000000000000001 7
1752102263940 0.0006000000000000001 8
1752102327610 0.0006000000000000001 9
1752102391901 0.0006000000000000001 10
1752102455821 0.0006000000000000001 11
1752102519622 0.0006000000000000001 12
1752102583459 0.0006000000000000001 13
1752102647258 0.0006000000000000001 14
1752102710479 0.0006000000000000001 15
1752102773784 0.0006000000000000001 16
1752102836863 0.0006000000000000001 17
1752102900594 0.0006000000000000001 18
1752102964622 0.0006000000000000001 19
