1752101754042 0.005077150246921243 0
1752101817193 0.0011868425628356045 1
1752101881159 0.0011680718696281266 2
1752101944967 0.0011305185320383362 3
1752102008594 0.0009618737474024956 4
1752102072248 0.0009435639665845215 5
1752102135921 0.0008878070832365723 6
1752102200218 0.000845592562367114 7
1752102263940 0.0008335081229348891 8
1752102327610 0.0008028890400435304 9
1752102391901 0.000741443355292188 10
1752102455821 0.0007427525410024873 11
1752102519622 0.0007661533344145039 12
1752102583459 0.0006866449156048106 13
1752102647258 0.0006939932743390975 14
1752102710479 0.0006157768883998801 15
1752102773784 0.0006433282949360489 16
1752102836863 0.0005965227100193572 17
1752102900594 0.0006004298233671727 18
1752102964622 0.0005533751419891273 19
