1752101754042 0.0010785174244494341 0
1752101817193 0.0015088013315107673 1
1752101881159 0.0011761208109365886 2
1752101944967 0.001072855368393528 3
1752102008594 0.0009597203666892122 4
1752102072248 0.0008590209831976716 5
1752102135921 0.0012184243806747392 6
1752102200218 0.0009209660946747617 7
1752102263940 0.0006701305837315671 8
1752102327610 0.0007800847131019348 9
1752102391901 0.000640994412071236 10
1752102455821 0.0009824876863550505 11
1752102519622 0.0005660863252534695 12
1752102583459 0.0005888679109322017 13
1752102647258 0.0007241755759905037 14
1752102710479 0.0005461180450819323 15
1752102773784 0.000567693218780572 16
1752102836863 0.0006099187543013078 17
1752102900594 0.000608182282817057 18
1752102964622 0.0005426615346497035 19
