1752101754042 0.0010783610632643104 0
1752101817193 0.0015087818028405309 1
1752101881159 0.001176162506453693 2
1752101944967 0.001072946353815496 3
1752102008594 0.0009597345488145947 4
1752102072248 0.000859037390910089 5
1752102135921 0.0012182757491245866 6
1752102200218 0.0009208190604113042 7
1752102263940 0.000670104578603059 8
1752102327610 0.0007800038438290358 9
1752102391901 0.00064096599817276 10
1752102455821 0.0009824595181271434 11
1752102519622 0.00056609814055264 12
1752102583459 0.0005888701416552067 13
1752102647258 0.0007241513812914491 14
1752102710479 0.0005461311084218323 15
1752102773784 0.000567719922401011 16
1752102836863 0.0006099253660067916 17
1752102900594 0.0006081726169213653 18
1752102964622 0.0005426833522506058 19
