1752101754042 0.025041595101356506 0
1752101817193 0.029045216739177704 1
1752101881159 0.02643166296184063 2
1752101944967 0.02540464513003826 3
1752102008594 0.023485273122787476 4
1752102072248 0.02198844403028488 5
1752102135921 0.026855524629354477 6
1752102200218 0.023230355232954025 7
1752102263940 0.01931845024228096 8
1752102327610 0.02154155820608139 9
1752102391901 0.018889328464865685 10
1752102455821 0.022896284237504005 11
1752102519622 0.017543688416481018 12
1752102583459 0.01775249093770981 13
1752102647258 0.020032981410622597 14
1752102710479 0.017155703157186508 15
1752102773784 0.0174290481954813 16
1752102836863 0.018395476043224335 17
1752102900594 0.019024979323148727 18
1752102964622 0.017781296744942665 19
