1752101754042 29.6723575592041 0
1752101817193 28.213735580444336 1
1752101881159 29.295324325561523 2
1752101944967 29.6942195892334 3
1752102008594 30.17848777770996 4
1752102072248 30.65987777709961 5
1752102135921 29.142541885375977 6
1752102200218 30.358257293701172 7
1752102263940 31.73857307434082 8
1752102327610 31.079030990600586 9
1752102391901 31.931650161743164 10
1752102455821 30.07685089111328 11
1752102519622 32.4710807800293 12
1752102583459 32.2998046875 13
1752102647258 31.401704788208008 14
1752102710479 32.62702941894531 15
1752102773784 32.458656311035156 16
1752102836863 32.14723205566406 17
1752102900594 32.15972900390625 18
1752102964622 32.65453338623047 19
