1752101754042 0.7864591479301453 0
1752101817193 0.807754397392273 1
1752101881159 0.8152824640274048 2
1752101944967 0.788216769695282 3
1752102008594 0.8474100232124329 4
1752102072248 0.845537006855011 5
1752102135921 0.8328041434288025 6
1752102200218 0.8342394828796387 7
1752102263940 0.8483044505119324 8
1752102327610 0.8454388380050659 9
1752102391901 0.862400472164154 10
1752102455821 0.859312891960144 11
1752102519622 0.8763083219528198 12
1752102583459 0.8725905418395996 13
1752102647258 0.8697082996368408 14
1752102710479 0.8865901231765747 15
1752102773784 0.8730815649032593 16
1752102836863 0.887052059173584 17
1752102900594 0.8398119211196899 18
1752102964622 0.881613552570343 19
