1752106967811 0.021407719262392273 0
1752107041211 0.0012695401968858854 1
1752107114644 0.0014003951723622512 2
1752107188130 0.0011025791679423514 3
1752107261474 0.0009939241715960347 4
1752107334904 0.0009500969934816578 5
1752107408184 0.0008968204229294995 6
1752107481633 0.0008836487809909343 7
1752107555217 0.0008108165782664112 8
1752107628664 0.0007908586869487845 9
1752107702265 0.0008307675244522434 10
1752107775724 0.0008039242334522401 11
1752107849425 0.0007742490592527592 12
1752107922789 0.001435358969743741 13
1752107996122 0.0012677439099437074 14
1752108069452 0.001068734200641843 15
1752108142851 0.0009695429707099271 16
1752108220295 0.0009661013362899753 17
1752108293703 0.0008610671320178581 18
1752108367028 0.0008309658681620148 19
