1752106967811 0.0012575020767090952 0
1752107041211 0.001182672452962245 1
1752107114644 0.0010943576036130682 2
1752107188130 0.0008350550488103181 3
1752107261474 0.0007599787889322376 4
1752107334904 0.0007547670059412828 5
1752107408184 0.0007484122016809552 6
1752107481633 0.000773982224499752 7
1752107555217 0.000816415632417535 8
1752107628664 0.0006694702512023094 9
1752107702265 0.003171193745562478 10
1752107775724 0.0009222403348437237 11
1752107849425 0.0008388386049773544 12
1752107922789 0.0011956876859424963 13
1752107996122 0.0010090009429190745 14
1752108069452 0.0008447121294653591 15
1752108142851 0.0008479415812283097 16
1752108220295 0.0008178726249538801 17
1752108293703 0.0008117417498450616 18
1752108367028 0.0007918699017917627 19
