1752106967811 0.001255852053873241 0
1752107041211 0.0011825078399851918 1
1752107114644 0.0010939441854134202 2
1752107188130 0.0008349415147677064 3
1752107261474 0.0007599096861667931 4
1752107334904 0.0007547294953837991 5
1752107408184 0.0007483588415198028 6
1752107481633 0.0007739088614471257 7
1752107555217 0.0008163260063156486 8
1752107628664 0.0006694586481899023 9
1752107702265 0.003167389892041683 10
1752107775724 0.000922126870136708 11
1752107849425 0.0008386112749576569 12
1752107922789 0.001195141696371138 13
1752107996122 0.00100878591183573 14
1752108069452 0.0008446022984571755 15
1752108142851 0.0008478782838210464 16
1752108220295 0.0008177935378625989 17
1752108293703 0.0008117032703012228 18
1752108367028 0.0007918459014035761 19
