1752106967811 0.025381386280059814 0
1752107041211 0.02653862163424492 1
1752107114644 0.024110164493322372 2
1752107188130 0.021561667323112488 3
1752107261474 0.020432578399777412 4
1752107334904 0.020402006804943085 5
1752107408184 0.02059894986450672 6
1752107481633 0.020884374156594276 7
1752107555217 0.0213268231600523 8
1752107628664 0.01949596405029297 9
1752107702265 0.03067076951265335 10
1752107775724 0.02313660830259323 11
1752107849425 0.02102728560566902 12
1752107922789 0.025453435257077217 13
1752107996122 0.023903928697109222 14
1752108069452 0.02182151935994625 15
1752108142851 0.022259321063756943 16
1752108220295 0.021571898832917213 17
1752108293703 0.021719207987189293 18
1752108367028 0.021312175318598747 19
