1752106967811 29.0106143951416 0
1752107041211 29.27195930480957 1
1752107114644 29.61004638671875 2
1752107188130 30.78343963623047 3
1752107261474 31.192378997802734 4
1752107334904 31.22208595275879 5
1752107408184 31.258899688720703 6
1752107481633 31.113100051879883 7
1752107555217 30.881362915039062 8
1752107628664 31.742759704589844 9
1752107702265 24.992984771728516 10
1752107775724 30.35209083557129 11
1752107849425 30.76439094543457 12
1752107922789 29.225805282592773 13
1752107996122 29.96200942993164 14
1752108069452 30.733476638793945 15
1752108142851 30.716663360595703 16
1752108220295 30.87356185913086 17
1752108293703 30.90602684020996 18
1752108367028 31.013591766357422 19
