1752106967811 0.7883861660957336 0
1752107041211 0.8159435391426086 1
1752107114644 0.7988736033439636 2
1752107188130 0.827728271484375 3
1752107261474 0.8398468494415283 4
1752107334904 0.8494167923927307 5
1752107408184 0.8475155830383301 6
1752107481633 0.8464127779006958 7
1752107555217 0.8428977131843567 8
1752107628664 0.8570377230644226 9
1752107702265 0.7876038551330566 10
1752107775724 0.8445821404457092 11
1752107849425 0.8428236246109009 12
1752107922789 0.7890781760215759 13
1752107996122 0.7971622347831726 14
1752108069452 0.8240429162979126 15
1752108142851 0.8260499835014343 16
1752108220295 0.8346916437149048 17
1752108293703 0.8375155329704285 18
1752108367028 0.8430718779563904 19
